"Rank","URL","Linking Root Domains","External Links","mozRank","mozTrust"
1,"facebook.com/",7754117,2147483647,9.61,9.33
2,"twitter.com/",5612484,2147483647,9.49,9.28
3,"google.com/",4535698,1384868937,9.34,9.25
4,"youtube.com/",3525470,1134772307,9.28,9.11
5,"wordpress.org/",2574095,217805087,9.02,8.63
6,"linkedin.com/",2400843,591092704,9.10,8.94
7,"sedo.com/",2036873,68623755,9.07,8.52
8,"sedoparking.com/",1985874,32489638,9.03,8.49
9,"wikipedia.org/",1945568,214955323,8.85,8.71
10,"pinterest.com/",1835217,653725951,8.98,8.73
11,"adobe.com/",1745807,196955636,9.19,9.19
12,"hugedomains.com/",1594368,28623545,8.43,7.78
13,"instagram.com/",1331257,540333393,9.00,8.77
14,"amazon.com/",1117313,270714743,8.64,8.60
15,"microsoft.com/",864341,182486303,8.86,8.80
16,"apple.com/",789764,109411382,8.77,8.99
17,"flickr.com/",780479,276820157,8.50,8.53
18,"vimeo.com/",729679,70858981,8.52,8.44
19,"youtu.be/",721477,32214768,8.49,8.47
20,"reddit.com/",711419,114507378,8.35,8.06
21,"whoisprivacyprotect.com/",706440,13093358,8.77,8.25
22,"w3.org/",693801,238542675,8.54,8.90
23,"bit.ly/",671605,170109278,9.27,8.98
24,"networkadvertising.org/",641447,11463258,9.00,8.47
25,"goo.gl/",543719,94146330,8.43,8.35
26,"addthis.com/",487145,184898138,8.50,8.41
27,"nytimes.com/",485513,49288730,8.27,8.91
28,"blogger.com/",483471,512933827,8.19,7.83
29,"buydomains.com/",478443,920164,8.59,7.58
30,"myspace.com/",477015,63276835,7.99,7.92
31,"statcounter.com/",453653,110060346,8.51,8.20
32,"vk.com/",450321,137491995,8.24,7.62
33,"digg.com/",446412,109495006,7.95,7.88
34,"parallels.com/",430291,10520305,8.65,8.06
35,"stumbleupon.com/",410583,102855745,7.85,7.78
36,"bbc.co.uk/",410366,49167265,8.13,8.88
37,"feedburner.com/",409980,286819470,8.14,8.09
38,"bluehost.com/",363748,23693585,7.32,7.01
39,"google.de/",361301,21513434,8.21,7.53
40,"www.miibeian.gov.cn/",353577,163971773,8.36,7.55
41,"europa.eu/",339088,93651798,8.40,8.90
42,"cnn.com/",338193,24615690,8.07,8.86
43,"imdb.com/",310834,32959656,7.91,7.93
44,"huffingtonpost.com/",304903,66958917,8.02,8.19
45,"creativecommons.org/",294034,106731121,8.20,8.88
46,"secureserver.net/",293720,4594143,7.64,7.13
47,"ovh.net/",290431,2368095,7.97,6.90
48,"nih.gov/",289024,182127056,8.05,8.90
49,"macromedia.com/",285843,15219022,8.34,8.25
50,"issuu.com/",284322,53363039,8.11,8.14
51,"theguardian.com/",282734,21227850,8.00,8.35
52,"wp.com/",280743,78197060,7.98,7.78
53,"yandex.ru/",280617,94411823,7.90,7.21
54,"go.com/",276637,30885441,8.02,8.86
55,"mozilla.org/",275233,26406558,8.28,8.85
56,"delicious.com/",273020,63193092,7.59,7.68
57,"e-recht24.de/",271167,1429403,7.89,6.99
58,"t.co/",268993,53452465,8.07,8.07
59,"mail.ru/",268099,105625793,8.23,7.39
60,"slideshare.net/",268040,23454353,8.14,8.06
61,"wsj.com/",259178,26408562,8.05,8.23
62,"miitbeian.gov.cn/",258870,119889113,8.22,7.22
63,"forbes.com/",252823,10617649,8.09,8.13
64,"ameblo.jp/",241712,50157744,8.16,7.42
65,"icio.us/",239684,77019027,7.70,7.67
66,"yelp.com/",238293,14545934,8.03,7.90
67,"joomla.org/",235720,36078718,8.10,7.71
68,"ebay.com/",235068,91782234,7.85,7.74
69,"weibo.com/",230557,174347181,8.27,7.73
70,"yahoo.co.jp/",228101,336889071,8.06,7.52
71,"about.com/",226389,12086966,7.69,7.89
72,"google.co.jp/",223831,23229944,8.22,7.59
73,"washingtonpost.com/",210594,17113647,7.90,8.85
74,"amazon.de/",210352,43463258,7.82,7.40
75,"cpanel.net/",208185,706019,8.30,8.11
76,"rambler.ru/",206263,103709151,7.99,7.18
77,"telegraph.co.uk/",202921,9037073,7.78,7.84
78,"reuters.com/",201142,37307019,7.82,8.00
79,"cpanel.com/",200945,571277,8.16,8.02
80,"aol.com/",200371,31238665,7.77,8.81
81,"51.la/",196786,67975195,8.27,7.74
82,"amazon.co.uk/",196535,29237606,7.84,7.76
83,"gnu.org/",196055,31684846,8.01,8.83
84,"1und1.de/",193273,1455348,7.82,6.71
85,"dailymotion.com/",191779,20435759,7.72,7.70
86,"usatoday.com/",190378,14236802,7.88,8.08
87,"addtoany.com/",189599,196178045,7.55,7.51
88,"dailymail.co.uk/",189015,7133085,7.73,7.84
89,"networksolutions.com/",184613,2941678,7.70,7.55
90,"constantcontact.com/",178439,36313738,8.04,8.26
91,"hatena.ne.jp/",178038,93964583,8.00,7.60
92,"bing.com/",177078,21014202,7.81,7.85
93,"guardian.co.uk/",174555,9784402,7.63,8.81
94,"time.com/",173783,7226091,7.77,7.97
95,"soundcloud.com/",168191,16063362,7.73,7.58
96,"cdc.gov/",167375,7440306,7.83,8.34
97,"eepurl.com/",167137,33242200,7.99,8.00
98,"bloomberg.com/",166947,31266966,7.82,8.83
99,"google.co.uk/",164974,14498773,7.94,8.04
100,"amazon.co.jp/",164956,192161162,7.89,7.36
101,"latimes.com/",164789,10327394,7.76,8.83
102,"opera.com/",164198,12727852,7.97,7.74
103,"photobucket.com/",164184,23221824,7.48,7.46
104,"bbb.org/",163411,39812132,8.15,8.06
105,"wikimedia.org/",159463,6907193,7.57,7.76
106,"npr.org/",159300,18279855,7.73,8.03
107,"histats.com/",157135,45177277,7.99,7.46
108,"geocities.com/",156788,4964952,7.37,7.74
109,"apache.org/",156233,33460433,8.10,8.83
110,"adition.com/",155654,16286656,7.67,7.13
111,"domainname.ru/",155586,555903,7.88,7.13
112,"harvard.edu/",153373,14447524,7.66,8.85
113,"technorati.com/",153155,49388350,7.36,7.41
114,"archive.org/",150101,16741226,7.85,7.99
115,"wired.com/",149827,8174190,7.73,8.81
116,"one.com/",149024,1508207,7.61,6.40
117,"cnet.com/",148474,12310457,7.85,7.92
118,"rakuten.co.jp/",145126,318253623,7.81,7.23
119,"tripadvisor.com/",144664,15278281,8.02,7.98
120,"mit.edu/",143644,12534882,7.62,8.82
121,"php.net/",142796,62800732,7.85,8.80
122,"imgur.com/",142765,26225158,7.57,7.51
123,"nasa.gov/",136708,11511663,7.64,8.83
124,"scribd.com/",136565,6814464,7.49,7.74
125,"elegantthemes.com/",135353,7360911,7.76,7.49
126,"stanford.edu/",135172,6030525,7.72,8.83
127,"google.fr/",133740,9837956,7.98,7.46
128,"google.it/",131362,6019241,7.71,7.17
129,"hibu.com/",131303,902222,7.81,6.92
130,"vkontakte.ru/",130418,26434484,7.71,7.32
131,"namejet.com/",129929,3421406,7.87,7.40
132,"mapquest.com/",128563,6491447,7.71,7.91
133,"businessinsider.com/",128058,6496795,7.75,7.84
134,"ca.gov/",125786,8922011,7.75,8.84
135,"phoca.cz/",125594,4045140,7.69,7.40
136,"mashable.com/",123475,8123652,7.78,7.82
137,"ted.com/",123273,3236507,7.47,7.69
138,"barnesandnoble.com/",123112,9895859,7.65,8.81
139,"1and1.fr/",122839,1051884,7.89,6.83
140,"a8.net/",122368,24229233,7.85,7.45
141,"bbc.com/",120851,11709310,7.66,7.78
142,"pbs.org/",119467,6656902,7.55,8.82
143,"independent.co.uk/",118938,5437342,7.61,7.68
144,"cbsnews.com/",118582,10365131,7.64,7.88
145,"berkeley.edu/",117134,4278374,7.52,8.82
146,"domainname.de/",116705,1923943,8.06,7.26
147,"foxnews.com/",116159,15322052,7.50,7.78
148,"nationalgeographic.com/",114937,3809977,7.55,8.81
149,"jdoqocy.com/",114289,8380277,7.53,7.06
150,"ibm.com/",113914,15856826,7.81,8.84
151,"themeforest.net/",113283,11272802,7.74,7.39
152,"who.int/",110916,6826616,7.69,8.83
153,"techcrunch.com/",110884,9595394,7.84,7.82
154,"un.org/",110579,11781661,7.75,8.88
155,"buzzfeed.com/",107854,3429531,7.60,7.72
156,"wiley.com/",106629,9042815,7.67,8.04
157,"acquirethisname.com/",106574,359608,7.84,7.61
158,"nifty.com/",106216,5668203,7.47,7.19
159,"loopia.se/",105952,899993,7.63,6.50
160,"amzn.to/",105561,16142529,7.51,7.46
161,"usda.gov/",105485,8449232,7.61,8.86
162,"epa.gov/",105338,7786440,7.63,8.85
163,"noaa.gov/",105119,29045429,7.55,8.84
164,"wp.me/",104744,16107230,7.46,7.44
165,"theatlantic.com/",104001,26895455,7.52,7.83
166,"webmd.com/",103397,14954232,7.40,7.59
167,"visma.se/",103022,559755,7.63,6.51
168,"google.es/",102852,6486751,7.63,7.27
169,"ow.ly/",100291,14939569,7.51,7.68
170,"geocities.jp/",99944,5941950,7.39,7.07
171,"spiegel.de/",99872,8188729,7.35,7.40
172,"1and1.com/",98570,1643388,7.78,7.31
173,"ft.com/",98190,6630563,7.74,8.80
174,"cornell.edu/",98185,4713952,7.64,8.83
175,"tumblr.com/",98080,87659722,7.83,7.64
176,"loc.gov/",96669,5396699,7.59,8.85
177,"engadget.com/",96564,11570608,7.49,7.50
178,"nature.com/",96435,5840487,7.47,7.86
179,"hp.com/",96240,7222224,7.63,7.82
180,"feedsportal.com/",95693,69343832,7.68,6.74
181,"cbc.ca/",95625,6468068,7.43,7.63
182,"nps.gov/",95309,3832858,7.44,8.04
183,"phpbb.com/",94731,73274496,7.53,7.33
184,"businessweek.com/",94639,3113823,7.45,7.77
185,"safedog.cn/",94584,102956539,8.23,6.93
186,"whitehouse.gov/",93670,7819417,7.71,8.91
187,"jiathis.com/",93595,52928762,7.79,6.85
188,"sfgate.com/",92990,3116176,7.52,7.74
189,"livedoor.jp/",91606,81341960,7.48,6.96
190,"weather.com/",91528,10042830,7.45,7.76
191,"bizjournals.com/",91276,4129142,7.61,7.91
192,"sciencedirect.com/",90482,6985363,7.50,7.89
193,"goodreads.com/",90088,14655799,7.26,7.40
194,"economist.com/",89820,3519936,7.49,8.80
195,"gizmodo.com/",89630,8059732,7.42,7.53
196,"booking.com/",89175,51226964,7.69,7.39
197,"examiner.com/",88994,2697737,7.30,7.57
198,"cbslocal.com/",88883,7545512,7.54,7.79
199,"fda.gov/",87940,3997839,7.62,7.99
200,"fb.me/",87700,17292096,7.59,7.67
201,"usnews.com/",86901,5552726,7.48,7.81
202,"naver.com/",86789,24398130,7.65,7.18
203,"ustream.tv/",86637,6032595,7.49,7.71
204,"linksynergy.com/",86302,35792909,7.41,7.30
205,"uk2.net/",85594,5598985,7.46,6.66
206,"irs.gov/",85245,3431682,7.57,8.12
207,"slate.com/",84773,3899749,7.56,7.74
208,"hostgator.com/",84756,3457095,7.72,6.99
209,"nydailynews.com/",84687,3301942,7.42,7.63
210,"ifeng.com/",84547,20880369,7.44,6.86
211,"boston.com/",83425,3419106,7.28,7.64
212,"google.ca/",83060,14267610,7.51,7.52
213,"skype.com/",82952,5400162,7.44,7.41
214,"chicagotribune.com/",82059,5959146,7.45,7.76
215,"goo.ne.jp/",81570,11348458,7.42,7.01
216,"mysql.com/",81560,20611276,7.57,8.79
217,"mozilla.com/",80942,6952668,7.74,7.78
218,"kickstarter.com/",80483,1741192,7.27,7.37
219,"wunderground.com/",80426,10674952,7.51,7.80
220,"about.me/",80317,3304282,7.31,7.29
221,"alexa.com/",80150,18814658,7.60,7.25
222,"springer.com/",80120,5819017,7.59,7.95
223,"biglobe.ne.jp/",80099,7297162,7.27,6.98
224,"prnewswire.com/",80078,6263656,7.65,7.85
225,"studiopress.com/",79917,19859704,7.41,7.24
226,"abc.net.au/",79825,9912849,7.41,7.62
227,"newyorker.com/",79608,3634220,7.44,7.67
228,"youronlinechoices.com/",78717,5865728,7.77,7.35
229,"oracle.com/",78453,52170702,7.80,8.83
230,"rs6.net/",78220,6168742,7.53,7.84
231,"umich.edu/",77841,5499760,7.36,8.81
232,"shinystat.com/",77317,20471466,7.56,6.88
233,"paypal.com/",77193,4045838,7.70,7.49
234,"odnoklassniki.ru/",77184,31104537,7.77,6.82
235,"shopify.com/",77077,30587604,7.90,7.72
236,"dreamhost.com/",77072,2256946,7.98,7.71
237,"marriott.com/",76161,4372585,7.61,7.97
238,"dedecms.com/",76143,592700102,7.71,6.54
239,"house.gov/",76111,5201471,7.55,8.86
240,"enable-javascript.com/",75901,24354403,7.78,7.62
241,"state.gov/",75763,3562745,7.58,8.86
242,"ed.gov/",75589,25123800,7.50,8.87
243,"yale.edu/",75186,3824834,7.39,8.81
244,"people.com.cn/",75172,44153483,7.37,7.14
245,"dropbox.com/",73605,1881628,7.39,7.50
246,"zdnet.com/",73601,12945642,7.51,7.67
247,"xing.com/",73503,6567708,7.57,7.04
248,"marketwatch.com/",73354,6839079,7.45,7.69
249,"nbcnews.com/",73144,3212991,7.57,7.80
250,"reverbnation.com/",72668,2186311,7.25,7.18
251,"debian.org/",72514,4928110,7.73,8.80
252,"xinhuanet.com/",72233,18716490,7.45,7.28
253,"columbia.edu/",72144,3652693,7.38,8.81
254,"cnbc.com/",72092,3359178,7.59,7.78
255,"netcraft.com/",72054,411902,7.43,7.10
256,"istockphoto.com/",71804,8700100,7.41,7.19
257,"unesco.org/",71602,6032283,7.40,7.89
258,"washington.edu/",70945,4064363,7.37,8.81
259,"hilton.com/",70860,4273663,7.55,7.90
260,"senate.gov/",70837,3347700,7.50,8.84
261,"quantcast.com/",70764,19595223,7.67,7.39
262,"xiti.com/",69945,20123690,7.74,7.00
263,"last.fm/",69857,14087238,7.30,7.22
264,"samsung.com/",69704,13232697,7.53,7.49
265,"enom.com/",69586,160668,7.73,7.52
266,"cargocollective.com/",69494,3237275,7.61,7.36
267,"yellowbook.com/",69399,999936,7.40,6.71
268,"upenn.edu/",69377,3219258,7.29,8.80
269,"paginegialle.it/",68843,3064622,7.59,6.25
270,"theglobeandmail.com/",68073,3318667,7.36,7.54
271,"wordpress-fr.net/",68059,2956178,7.67,7.12
272,"nhs.uk/",68051,5125995,7.56,7.56
273,"houzz.com/",67916,23720473,7.42,7.26
274,"discovery.com/",67884,2144960,7.30,7.57
275,"smh.com.au/",67564,10528328,7.34,7.46
276,"cdbaby.com/",67515,2123249,7.26,7.26
277,"register.it/",67496,898234,7.74,6.70
278,"behance.net/",66797,12253128,7.42,7.19
279,"ucla.edu/",66589,2951024,7.27,8.81
280,"mlb.com/",66274,7145616,7.54,7.63
281,"indiatimes.com/",65809,6012691,7.51,8.80
282,"theverge.com/",65611,2731079,7.49,7.57
283,"prweb.com/",65554,1949761,7.37,7.55
284,"liveinternet.ru/",65337,111893791,7.81,7.00
285,"discuz.net/",65125,47714170,7.46,6.65
286,"fastcompany.com/",65008,2902374,7.58,7.69
287,"utexas.edu/",65006,3770523,7.25,7.81
288,"ftc.gov/",64943,1874844,7.78,8.84
289,"comsenz.com/",64894,49014121,7.44,6.66
290,"nic.tel/",64591,727874,7.37,5.78
291,"ovh.com/",64307,1645509,7.41,6.81
292,"google.nl/",64173,2870339,7.51,6.95
293,"globo.com/",64083,7776807,7.41,7.31
294,"umn.edu/",64059,2681516,7.27,7.84
295,"youku.com/",63933,1289738640,7.58,7.20
296,"wisc.edu/",63807,9055119,7.27,8.81
297,"wikihow.com/",63745,1068010,7.39,7.40
298,"businesswire.com/",63586,8305361,7.63,7.84
299,"nypost.com/",63533,5748865,7.36,7.52
300,"netscape.com/",63257,3236361,7.45,7.67
301,"mijndomein.nl/",63075,654811,7.73,6.13
302,"cyberchimps.com/",62826,3039387,7.44,7.22
303,"prestashop.com/",62578,6698051,7.60,7.00
304,"surveymonkey.com/",61867,3341030,7.50,7.88
305,"amazon.fr/",61724,15652881,7.33,7.18
306,"census.gov/",61326,3313796,7.43,7.99
307,"hotlog.ru/",61322,21573595,7.35,6.63
308,"scientificamerican.com/",61320,2936032,7.49,8.79
309,"shareasale.com/",61277,30129348,7.49,7.20
310,"walmart.com/",60500,14698721,7.31,7.77
311,"dell.com/",60327,8781986,7.48,7.96
312,"drupal.org/",60090,22763761,7.62,7.52
313,"telnic.org/",59955,451270,7.43,6.45
314,"usgs.gov/",59893,4816682,7.31,8.01
315,"doi.org/",59785,65380535,7.52,7.92
316,"elpais.com/",59781,8531262,7.40,7.32
317,"spotify.com/",59620,11650338,7.45,7.30
318,"ewebdevelopment.com/",59269,329102,7.68,6.65
319,"att.com/",58770,2048250,7.46,7.67
320,"cafepress.com/",58704,13657270,7.33,7.50
321,"intel.com/",58682,5033400,7.54,8.80
322,"tkqlhce.com/",58527,8647366,7.40,7.10
323,"fb.com/",58349,3980749,9.19,8.83
324,"si.edu/",58243,2531620,7.28,8.81
325,"ox.ac.uk/",58178,2279493,7.27,8.80
326,"arstechnica.com/",58047,4193332,7.26,7.55
327,"cisco.com/",57759,2900595,7.49,8.80
328,"windowsphone.com/",57325,26681276,7.95,7.68
329,"rollingstone.com/",57281,3261915,7.32,7.39
330,"example.com/",57220,2455628,7.55,7.57
331,"web.de/",56964,601112,7.54,6.59
332,"allaboutcookies.org/",56777,1575108,7.79,7.60
333,"ructg.com/",56564,154772,7.84,7.13
334,"fortune.com/",56529,1820908,7.46,7.63
335,"inc.com/",56502,2542219,7.41,7.56
336,"stackoverflow.com/",56460,9642734,7.55,7.56
337,"ap.org/",56287,13169372,7.40,7.69
338,"opensource.org/",56126,1431110,7.51,8.79
339,"worldbank.org/",56120,23579722,7.41,8.81
340,"thedailybeast.com/",56085,2677397,7.34,7.55
341,"artisteer.com/",56006,4437756,7.35,6.91
342,"sagepub.com/",55585,2722661,7.29,7.69
343,"usa.gov/",55524,22032848,7.62,8.91
344,"vice.com/",55474,2867217,7.35,7.48
345,"sun.com/",54950,4735712,7.48,7.81
346,"woothemes.com/",54700,4541239,7.38,7.06
347,"campaign-archive1.com/",54627,3534261,7.37,7.62
348,"mirror.co.uk/",54567,2060475,7.30,7.29
349,"aliyun.com/",54545,5494585,7.55,6.60
350,"entrepreneur.com/",54375,1756836,7.57,7.54
351,"gesetze-im-internet.de/",54370,1637404,7.34,7.15
352,"redcross.org/",54128,1764483,7.41,7.85
353,"campaign-archive2.com/",54118,3494857,7.34,7.60
354,"fotolia.com/",54102,4143992,7.35,6.79
355,"tripadvisor.co.uk/",53998,4780210,7.61,7.35
356,"sitemeter.com/",53986,19898531,7.36,7.35
357,"hud.gov/",53701,5288826,7.31,8.82
358,"aboutcookies.org/",53700,1921289,7.67,7.48
359,"accuweather.com/",53626,7594925,7.46,7.57
360,"hhs.gov/",53599,6049655,7.43,8.85
361,"icann.org/",53291,4703400,8.24,8.79
362,"cmu.edu/",53123,1865973,7.41,7.75
363,"mtv.com/",52974,6061672,7.40,7.36
364,"cam.ac.uk/",52623,4596638,7.26,8.80
365,"oxfordjournals.org/",52453,3856718,7.30,7.73
366,"ebay.de/",52345,3551192,7.27,6.55
367,"dribbble.com/",52203,3955112,7.45,7.11
368,"line.me/",52196,14822403,7.52,6.95
369,"admin.ch/",52065,5653048,7.37,8.80
370,"heise.de/",51749,4992893,7.27,7.13
371,"cntv.cn/",51444,10934876,7.38,6.97
372,"dot.gov/",51008,5016749,7.34,8.83
373,"google.pl/",50940,2371322,7.36,6.74
374,"toplist.cz/",50917,20827756,7.40,6.47
375,"bund.de/",50695,2830433,7.48,7.54
376,"nhk.or.jp/",50596,2971621,7.29,7.12
377,"chronoengine.com/",50415,1004815,7.43,7.22
378,"hollywoodreporter.com/",50413,3408748,7.41,7.46
379,"va.gov/",50341,2326915,7.26,8.83
380,"dandomain.dk/",50241,193526,7.58,6.18
381,"detik.com/",49852,1204853,7.51,6.51
382,"bls.gov/",49626,1220685,7.33,7.89
383,"hubspot.com/",49333,5573261,7.72,7.61
384,"aboutads.info/",49220,3690359,7.82,7.70
385,"oecd.org/",49178,2489265,7.41,7.87
386,"news.com.au/",49017,3604421,7.31,7.35
387,"pcworld.com/",48463,1857187,7.41,7.52
388,"doubleclick.net/",48247,202679655,7.61,7.61
389,"zanox.com/",47974,17090805,7.39,6.66
390,"livestream.com/",47789,2941560,7.44,7.89
391,"google.com.br/",47683,2114606,7.27,6.93
392,"adweek.com/",47521,4547427,7.81,7.57
393,"afternic.com/",47516,439897,7.38,6.84
394,"aruba.it/",47338,1201189,7.50,6.26
395,"mailchimp.com/",47174,3259313,7.91,7.82
396,"politico.com/",47075,5083999,7.41,7.68
397,"japanpost.jp/",46811,1723937,7.64,7.06
398,"symantec.com/",46310,9248305,7.58,7.62
399,"venturebeat.com/",46265,2698770,7.63,7.56
400,"nielsen.com/",46141,55679119,7.47,7.40
401,"ieee.org/",46075,4583144,7.26,8.80
402,"blackberry.com/",45974,9140564,7.53,7.53
403,"thenextweb.com/",45632,4864334,7.40,7.40
404,"gpo.gov/",45255,6768386,7.38,8.13
405,"oreilly.com/",45235,7487445,7.35,8.79
406,"google.com.au/",45125,1863452,7.32,7.20
407,"g.co/",44985,1681945,7.41,7.54
408,"nsw.gov.au/",44677,4041247,7.32,7.78
409,"variety.com/",44614,4803223,7.32,7.44
410,"disclaimer.de/",44415,1010191,7.28,6.60
411,"teamviewer.com/",43832,1650187,7.47,7.03
412,"warnerbros.com/",43815,2319839,7.42,7.33
413,"wa.gov/",43752,4608631,7.25,8.81
414,"storify.com/",43722,1924352,7.28,7.67
415,"mapy.cz/",43708,4121432,7.39,6.56
416,"nike.com/",43457,5933609,7.34,7.24
417,"i2i.jp/",43143,9278052,7.37,7.10
418,"nba.com/",43052,7974140,7.30,7.43
419,"presscustomizr.com/",43035,2295179,7.29,6.99
420,"w3schools.com/",42938,1504633,7.44,7.42
421,"viadeo.com/",42742,10153913,7.32,7.00
422,"energy.gov/",42734,2963410,7.31,8.03
423,"nrw.de/",42682,5015234,7.26,7.09
424,"ietf.org/",42559,4192810,7.72,8.80
425,"pcmag.com/",42387,3886158,7.42,7.46
426,"sec.gov/",42207,3656417,7.66,8.00
427,"java.com/",42181,1942855,7.49,7.66
428,"areasnap.com/",42132,1654549,7.75,7.55
429,"dol.gov/",42109,5146244,7.35,8.83
430,"opencart.com/",41974,2974773,7.49,6.93
431,"mixi.jp/",41968,15886713,7.34,6.96
432,"unicef.org/",41830,2111442,7.32,7.66
433,"tandfonline.com/",41317,1988352,7.28,7.72
434,"openstreetmap.org/",41287,8438278,7.31,7.29
435,"uspto.gov/",41228,1620306,7.26,7.74
436,"android.com/",41158,2953149,7.48,7.46
437,"msdn.com/",41117,4021712,7.37,7.42
438,"nginx.org/",40334,659382,7.65,7.58
439,"etracker.de/",39540,12814293,7.63,7.01
440,"mhlw.go.jp/",39497,2139533,7.44,7.23
441,"zend.com/",39458,1713986,7.33,7.15
442,"active24.cz/",39288,1658066,7.30,5.95
443,"olark.com/",39023,15300011,7.65,7.46
444,"daum.net/",39001,7640228,7.26,6.96
445,"prezi.com/",38829,734045,7.33,7.49
446,"accesstrade.net/",38777,7683054,7.29,6.94
447,"web.com/",38761,1418441,7.39,7.24
448,"legifrance.gouv.fr/",38567,7227980,7.31,7.49
449,"nist.gov/",38269,2736189,7.36,8.83
450,"steampowered.com/",38052,36502051,7.31,7.12
451,"twitch.tv/",37742,6864714,7.35,7.15
452,"bigcommerce.com/",37565,7818341,7.56,7.42
453,"ok.ru/",37474,14840533,8.13,6.98
454,"wn.com/",37438,929606,7.38,7.05
455,"thehill.com/",37014,3254115,7.37,7.70
456,"people.com/",36884,6628323,7.33,7.37
457,"indeed.com/",36667,381656127,7.28,7.36
458,"moodle.org/",36416,2595908,7.40,7.55
459,"iso.org/",35887,1315092,7.47,7.74
460,"wowslider.com/",35549,1014992,7.50,7.19
461,"lerelaisinternet.com/",35373,59414,7.44,5.73
462,"jquery.com/",35322,1903671,7.41,7.39
463,"starwoodhotels.com/",34349,52924650,7.38,7.52
464,"bloglines.com/",34253,5949837,7.28,7.41
465,"gnavi.co.jp/",34192,13677404,7.28,6.73
466,"j.mp/",33647,3505806,7.42,7.23
467,"olympic.org/",33635,1703195,7.29,7.39
468,"justice.gov/",33602,2203240,7.41,8.83
469,"mlit.go.jp/",33582,2073544,7.34,7.12
470,"deloitte.com/",33322,2217415,7.36,7.49
471,"billboard.com/",33273,1890700,7.36,7.32
472,"ticketmaster.com/",33181,10472270,7.37,7.47
473,"adage.com/",33159,1428385,7.57,7.42
474,"bola.net/",32836,691544,7.40,5.03
475,"gartner.com/",32511,839639,7.33,7.74
476,"metro.co.uk/",32478,2224601,7.25,7.18
477,"mediawiki.org/",32102,51339757,7.35,7.40
478,"undeveloped.com/",31327,55597,7.39,5.77
479,"gigaom.com/",31230,1676846,7.26,7.31
480,"isimtescil.net/",31068,39722,7.40,5.73
481,"bleacherreport.com/",30902,3844556,7.26,7.14
482,"export.gov/",30520,1759237,7.61,7.73
483,"python.org/",30370,2696583,7.41,8.79
484,"nfl.com/",30272,4079848,7.27,7.35
485,"fcc.gov/",30230,2208325,7.35,8.82
486,"searchengineland.com/",29833,1458437,7.50,7.27
487,"gmx.de/",29340,84831,7.36,5.95
488,"fbcdn.net/",29112,1848793,9.18,8.82
489,"ups.com/",28818,1672884,7.32,7.40
490,"foursquare.com/",28733,4459989,7.33,7.27
491,"mozilla-europe.org/",28540,3285301,7.40,7.01
492,"copyright.gov/",28510,1981275,7.26,8.79
493,"kpn.com/",28313,184894,7.32,6.93
494,"justgiving.com/",27607,1388329,7.34,7.20
495,"nginx.com/",27590,642276,7.50,7.31
496,"gabia.com/",27528,74924,7.38,6.24
497,"authorize.net/",27526,7067115,7.41,7.37
498,"pewinternet.org/",27255,687079,7.39,7.58
499,"iubenda.com/",26919,5620419,7.30,6.84
500,"cvent.com/",26896,4945745,7.38,7.82
